Input Matrices: 
 44 46 76 7 32 57 73 4 58 93 75
 6 41 55 29 32 16 14 98 25 34 45
 75 60 94 36 51 28 11 19 42 67 91
 25 67 59 2 87 85 44 38 61 1 37
 5 40 94 93 91 27 18 98 55 52 65

 68 29 7 73 20 86
 68 13 89 20 26 10
 25 15 56 99 18 61
 12 24 51 11 32 15
 41 50 56 4 35 2
 51 84 25 33 82 41
 26 19 87 36 9 45
 44 56 74 81 74 27
 67 86 17 3 37 49
 14 19 98 68 44 39
 52 66 18 35 75 61

 97 40 49 48
 2 90 11 4
 83 62 17 70
 58 73 19 70
 100 31 99 21
 55 78 94 93

 52 65 38 61 96 22 98
 85 69 46 54 51 46 52
 43 13 71 51 75 47 100
 54 50 88 97 43 84 65

